lvl1_наука_и_техника
0.04261914862069279 0.05706151667352254 0.050769630026167384 0.08255877706717617 0.06633258315223424 0.08535553714467337 0.0876513530916334
lvl1_политика
0.14114273016063347 0.16815893762714515 0.12582197787355223 0.09287897426113823 0.10206350412191524 0.0870821843275572 0.04867665241148416
lvl1_силовые_структуры
0.017197725125428227 0.03573958133257929 0.03119627790447793 0.0184106727654078 0.03891965302395725 0.0376911065233655 0.035419327457205434
lvl1_экономика_и_финансы
0.15231495947081086 0.08008539107252534 0.11282034490341679 0.139852054831486 0.16085281401143406 0.17764771979438684 0.15186091504163488
lvl1_медиа
0.061430886641833084 0.054170314674846655 0.0404168417354476 0.058381187812683005 0.05019520576055795 0.07481775833872438 -0.0003816487003128406
lvl1_спорт
0.09142845853359753 0.09822887072452734 0.12888157513661905 0.07826726041316702 0.05625509993071117 0.07176673829788181 0.062327961997431465
lvl1_происшествия
0.003018310021149783 0.00770044174639284 -0.0018922864226982288 -0.00021289118213840605 -0.00603076044577528 -0.0034190503899347038 -0.0032394861518723803
lvl1_бизнес
0.011278788387397333 0.003272438205118556 0.01023312551755925 0.013562571101983077 0.018460002396850823 0.011835184479543381 0.020329324206373848
lvl1_общество_и_путешествия
0.3147167390038551 0.31497777401971216 0.4106288336580643 0.3649815761980608 0.3800377273178843 0.2934049895066814 0.48363103633210186
lvl1_культура
0.13652348443417206 0.15273645873602312 0.10107700739559933 0.15753674985072505 0.1475750523089134 0.12406462759598745 0.11950506283581723
